44.335092332
44.435100758
44.545179810
44.645122571
44.745167250
44.855142744
44.955140585
45.055187387
45.165329829
45.265206245
45.365146710
45.465166681
45.575178872
45.675359562
45.775176542
45.885178475
45.985211519
46.085211621
46.185415726
46.295197063
46.395189321
46.495202410
46.605213486
46.705376243
46.805238828
46.915201913
47.015228925
47.125207765
47.225402365
47.325235513
47.435251163
47.535276105
47.635230146
47.745359848
47.845240769
47.945246700
48.045273373
48.155564354
48.265350771
48.355319033
48.465296350
48.565282729
48.665458041
48.775295461
48.875295922
48.975308656
49.075357868
49.185533134
49.285357205
49.385359192
49.495403118
49.595344961
49.695613854
49.805392538
49.905388027
50.005453671
50.115418480
50.215573194
50.315420090
50.425455259
50.525437548
50.635358354
50.735432278
50.835395384
50.935417372
51.045406299
51.145452836
51.245446221
51.345398686
51.455565720
51.555466480
51.655505148
51.765480516
51.865461153
51.965435562
52.075418811
52.175645863
